File: data/binario-15.txt
Dim: 16
Initial config:
0 0 1 . 0 1 . 0 1 . 1 . 0 . 1 0
. 1 . 1 0 . 1 . 1 0 0 1 . . . .
0 1 . . 1 . 0 . . . . 0 . . . .
. 0 1 . 0 0 . 0 1 0 . 0 . . . .
0 . 1 . . 1 . . . 1 0 . . . . .
1 1 . . 1 0 . . 0 . 0 . . 0 1 0
0 . 1 1 . 1 0 1 . 0 . 0 1 . 0 1
0 . . . 1 . . 0 . . 1 . 0 1 . 0
1 1 . 1 . . 1 . 0 . 0 . . . . .
0 0 . 0 1 . . . 0 0 . . 1 . 1 .
. . . . . 1 0 . 1 0 . . 0 . 0 0
1 1 . 1 . . 1 . 0 1 0 . . . . .
. 0 . 0 . 1 0 1 . . . 0 1 . 1 1
1 . 0 . 1 0 . . 1 0 1 . . . . .
0 0 . . 0 0 . 0 0 . . 1 . 0 . 1
. . . . 1 . 0 . 0 . 0 0 . 0 . 1

Solution:
0 0 1 0 0 1 1 0 1 0 1 1 0 1 1 0
1 1 0 1 0 0 1 0 1 0 0 1 0 0 1 1
0 1 0 0 1 1 0 1 0 1 0 0 1 1 0 1
1 0 1 1 0 0 1 0 1 0 1 0 1 0 1 0
0 0 1 0 1 1 0 0 1 1 0 1 0 1 0 1
1 1 0 0 1 0 1 1 0 1 0 0 1 0 1 0
0 0 1 1 0 1 0 1 1 0 1 0 1 0 0 1
0 0 1 0 1 0 1 0 1 0 1 1 0 1 1 0
1 1 0 1 0 0 1 1 0 1 0 1 0 1 0 0
0 0 1 0 1 1 0 1 0 0 1 0 1 0 1 1
1 1 0 1 0 1 0 0 1 0 1 1 0 1 0 0
1 1 0 1 1 0 1 0 0 1 0 1 0 1 0 0
0 0 1 0 0 1 0 1 0 1 1 0 1 0 1 1
1 1 0 1 1 0 0 1 1 0 1 0 0 1 0 0
0 0 1 1 0 0 1 0 0 1 0 1 1 0 1 1
1 1 0 0 1 1 0 1 0 1 0 0 1 0 0 1

Elapsed time: 15.303 seconds.
25840571 configurations generated.